131.61 114.122 164.026 120.306
130.455 118.099 161.138 130.246
128.575 121.788 156.438 139.47
126.038 125.06 150.094 147.649
122.932 127.798 142.329 154.495
119.368 129.906 133.419 159.765
115.472 131.309 123.68 163.272
111.382 131.957 113.456 164.891
107.244 131.827 103.109 164.567
103.203 130.924 93.0065 162.309
99.4024 129.279 83.506 158.198
95.9776 126.952 74.9441 152.38
93.0496 124.024 67.6239 145.061
90.722 120.6 61.8049 136.5
89.0772 116.8 57.6931 127
88.1737 112.759 55.4342 116.897
88.0433 108.62 55.1083 106.551
88.6907 104.531 56.7268 96.3266
90.093 100.635 60.2324 86.5866
92.2004 97.0704 65.501 77.676
94.9384 93.9642 72.3459 69.9105
98.2099 91.426 80.5247 63.565
101.899 89.5458 89.7476 58.8645
105.875 88.3901 99.6879 55.9754
109.997 88 109.994 55
114.12 88.3892 120.299 55.9729
118.096 89.5439 130.24 58.8597
121.786 91.4232 139.464 63.5581
125.058 93.9606 147.645 69.9016
127.797 97.0662 154.491 77.6655
129.905 100.63 159.762 86.5749
131.308 104.526 163.27 96.314
131.956 108.615 164.891 106.538
131.827 112.75 164.568 116.876
130.925 116.792 162.314 126.979
129.282 120.592 158.206 136.481
126.956 124.018 152.39 145.044
124.029 126.947 145.073 152.366
120.605 129.275 136.513 158.188
116.806 130.921 127.014 162.302
112.765 131.826 116.912 164.564
108.626 131.957 106.566 164.893
104.536 131.311 96.3412 163.277
100.64 129.91 86.6003 159.774
97.0753 127.803 77.6882 154.508
93.9683 125.066 69.9208 147.665
91.4292 121.795 63.5731 139.488
89.548 118.107 58.8701 130.266
88.3913 114.131 55.9782 120.327
88 110.009 55 110.022